I1= 71
I2= 11
I3= 11
V= 0.01
gm= 50
E_RMS= 0.437522
0.206468,0.464425,0.7753,1.14317,1.57853,2.07021,2.61822,3.22258,3.88327,4.6003,5.37366,6.20337,7.08941,8.03179,9.03051,10.0856,11.197,12.3647,13.5888,14.8692,16.2059,0.955072,1.36492,1.84551,2.38381,2.97957,3.63259,4.34273,5.10986,5.9339,6.81477,7.75241,8.74675,9.79776,10.9054,12.0697,13.2905,14.5678,1.61745,2.14473,2.73082,3.37529,4.07779,4.83806,5.65589,6.53111,7.46358,8.45319,9.49984,10.6034,11.7639,12.9813,3.54588,4.23474,4.97994,5.78147,6.63935,7.55356,8.52411,9.551,10.6342,11.7738,
0.1966,0.4597,0.7746,1.1609,1.6112,2.1265,2.7051,3.3441,4.0411,4.7937,5.5992,6.457,7.3667,8.3293,9.3458,10.4169,11.5431,12.7224,13.9491,15.2181,16.5221,1.3394,1.7467,2.2184,2.7527,3.3484,4.003,4.7143,5.4805,6.3004,7.1733,8.0998,9.08,10.1147,11.2036,12.3466,13.5441,14.7911,2.1237,2.6293,3.1973,3.8243,4.5094,5.2506,6.0465,6.8963,7.7988,8.7546,9.7638,10.8268,11.9392,13.0861,4.58,5.2251,5.9273,6.6819,7.4919,8.3573,9.2778,10.2535,11.2851,12.3701,