Starting to search for the minimum RMS...
I1= 66
I2= 71
I3= 3.5
V= 9.76
gm= 28
E_RMS= 0.238275
0.223918,0.504649,0.843114,1.23987,1.6953,2.20966,2.78313,3.41587,4.10797,4.85954,5.67062,6.54128,7.47154,8.46145,9.51102,10.6203,11.7892,13.0178,14.306,15.6539,17.0614,1.30802,1.73218,2.21124,2.746,3.33703,3.98475,4.6895,5.45152,6.27101,7.14813,8.08299,9.07568,10.1263,11.2347,12.4012,13.6255,14.9077,2.22448,2.72718,3.28235,3.89093,4.55364,5.27102,6.0435,6.87141,7.75499,8.69445,9.68991,10.7415,11.8492,13.0132,3.75449,4.47632,5.25763,6.0985,6.99896,7.95904,8.97878,10.0582,11.1973,12.396,
Finished computations after 7620 valid parameter evaluations...
Total evaluations: 148888888
