I1= 71
I2= 11
I3= 11
V= 6.01
gm= 1
E_RMS= 0.320587
0.209,0.479392,0.808373,1.19489,1.63841,2.13862,2.6953,3.30835,3.97766,4.7032,5.48492,6.3228,7.21683,8.167,9.17331,10.2358,11.3543,12.5291,13.7599,15.047,16.3902,1.02836,1.47619,1.98159,2.54365,3.16184,3.83579,4.56528,5.35015,6.19033,7.08576,8.03641,9.04229,10.1034,11.2198,12.3915,13.6184,14.9008,1.75749,2.32476,2.94869,3.62838,4.36324,5.15289,5.99711,6.89574,7.84871,8.85599,9.91759,11.0335,12.2038,13.4286,3.63598,4.33341,5.08704,5.89684,6.7628,7.6849,8.66314,9.69751,10.788,11.9347,
