Starting to search for the minimum RMS...
I1= 101
I2= 1
I3= 51
V= 8.81
gm= 8
E_RMS= 3.31973
0.625448,1.2732,1.95877,2.68422,3.45021,4.25698,5.10461,5.99313,6.92251,7.8927,8.90367,9.95535,11.0477,12.1806,13.3542,14.5682,15.8226,17.1175,18.4527,19.8283,21.2441,2.24651,3.03438,3.86109,4.72752,5.63405,6.58083,7.56793,8.59533,9.66299,10.7709,11.9189,13.107,14.3351,15.6031,16.9111,18.2589,19.6464,3.38453,4.27198,5.19806,6.16348,7.16853,8.21335,9.29795,10.4223,11.5864,12.7901,14.0333,15.316,16.6381,17.9995,6.45271,7.40251,8.39309,9.42442,10.4964,11.6091,12.7623,13.9561,15.1903,16.465,
Finished computations...
