Starting to search for the minimum RMS...
I1= 56
I2= 61
I3= 6
V= 9.76
gm= 50
E_RMS= 0.475362
0.165674,0.399832,0.703145,1.07603,1.51877,2.03156,2.61455,3.26783,3.9915,4.78562,5.65022,6.58535,7.59103,8.66727,9.81407,11.0314,12.3194,13.6778,15.1067,16.6061,18.1759,1.09778,1.49248,1.95392,2.48271,3.07928,3.74395,4.47695,5.27849,6.14868,7.08764,8.09543,9.1721,10.3177,11.5321,12.8154,14.1674,15.5881,1.90892,2.38907,2.93387,3.54402,4.22006,4.9624,5.77135,6.64714,7.58993,8.59983,9.67693,10.8212,12.0327,13.3113,3.62087,4.37975,5.20911,6.10897,7.07937,8.12033,9.23185,10.4139,11.6666,12.9898,
Finished computations after 1388 valid parameter evaluations...
Total evaluations: 18611111
