Starting to search for the minimum RMS...
I1= 61
I2= 21
I3= 11
V= 1.26
gm= 49
E_RMS= 0.360211
0.167246,0.399945,0.698139,1.06185,1.4911,1.98589,2.54623,3.17212,3.86357,4.62058,5.44316,6.33129,7.28499,8.30425,9.38908,10.5395,11.7554,13.037,14.3841,15.7968,17.275,1.05671,1.46102,1.93024,2.46446,3.06375,3.72815,4.45771,5.25248,6.11249,7.03776,8.02833,9.08422,10.2055,11.3921,12.644,13.9614,15.3442,1.86018,2.36938,2.94303,3.58126,4.28417,5.05185,5.88438,6.78182,7.74423,8.77168,9.86419,11.0218,12.2446,13.5326,3.50965,4.23388,5.02368,5.87903,6.79994,7.78643,8.83847,9.95609,11.1393,12.388,
Finished computations after 1640 valid parameter evaluations...
Total evaluations: 2326388
