Starting to search for the minimum RMS...
I1= 60
I2= 61
I3= 62
V= 9.51
gm= 5
E_RMS= 1.58695
0.0765655,0.219448,0.428668,0.704245,1.04619,1.45453,1.92928,2.47044,3.07803,3.75206,4.49254,5.29948,6.1729,7.11279,8.11917,9.19204,10.3314,11.5373,12.8097,14.1486,15.5541,0.518043,0.79103,1.13049,1.53643,2.00885,2.54777,3.15318,3.8251,4.56353,5.36848,6.23995,7.17794,8.18247,9.25353,10.3911,11.5953,12.866,0.877814,1.21478,1.61832,2.08842,2.6251,3.22834,3.89815,4.63453,5.43748,6.307,7.2431,8.24577,9.31502,10.4509,2.76593,3.40674,4.11399,4.8877,5.72788,6.63453,7.60767,8.64729,9.75342,10.926,
Finished computations after 34 valid parameter evaluations...
Total evaluations: 1918080
