I1= 61
I2= 21
I3= 11
V= 2.01
gm= 16
E_RMS= 0.36242
0.168675,0.402882,0.702648,1.06797,1.49885,1.99526,2.5572,3.18467,3.87767,4.63618,5.46021,6.34977,7.30484,8.32543,9.41154,10.5632,11.7803,13.063,14.4113,15.825,17.3043,1.05563,1.46197,1.93365,2.47065,3.07294,3.74052,4.47338,5.27152,6.13493,7.06362,8.0576,9.11688,10.2415,11.4314,12.6866,14.0071,15.393,1.85597,2.36845,2.94603,3.58868,4.29637,5.06909,5.90685,6.80964,7.77747,8.81036,9.90832,11.0714,12.2995,13.5928,3.52298,4.24873,5.04001,5.8968,6.81911,7.80694,8.8603,9.97917,11.1636,12.4135,
