I1= 71
I2= 6
I3= 16
V= 1.26
gamma= 17
E_RMS= 0.230103
Theoretical dataset:
0.239773,0.53694,0.891148,1.30217,1.76987,2.29414,2.87492,3.51215,4.20582,4.95588,5.76232,6.62514,7.54431,8.51984,9.55171,10.6399,11.7845,12.9854,14.2426,15.5561,16.926,1.1397,1.58704,2.0906,2.65028,3.26602,3.93778,4.66556,5.44936,6.2892,7.18508,8.13703,9.14505,10.2092,11.3294,12.5057,13.7382,15.0269,1.8719,2.41133,3.00642,3.65711,4.3634,5.1253,5.94285,6.81608,7.74503,8.72974,9.77026,10.8666,12.0189,13.227,3.85193,4.5738,5.35205,6.18669,7.07768,8.02503,9.02873,10.0888,11.2052,12.3779,
