Starting to search for the minimum RMS...
I1= 61
I2= 41
I3= 21
V= 9.76
gm= 1
E_RMS= 0.919407
0.122901,0.310284,0.562372,0.879266,1.26102,1.70767,2.21923,2.79575,3.43725,4.14374,4.91528,5.75187,6.65355,7.62034,8.65228,9.74937,10.9116,12.1391,13.4318,14.7898,16.2129,0.747481,1.08392,1.48658,1.95525,2.48975,3.08994,3.75572,4.48701,5.28376,6.14592,7.07347,8.06639,9.12467,10.2483,11.4373,12.6916,14.0113,1.28857,1.71213,2.20283,2.76026,3.38413,4.0742,4.83029,5.65225,6.53998,7.49339,8.51244,9.59706,10.7472,11.9629,3.10837,3.78237,4.52138,5.32544,6.19457,7.12881,8.12817,9.19268,10.3224,11.5172,
Finished computations after 1054 valid parameter evaluations...
Total evaluations: 290798
