tsd1={0.230329,0.516162,0.857522,1.25441,1.70683,2.21478,2.77826,3.39726,4.07178,4.80183,5.5874,6.42849,7.3251,8.27724,9.28491,10.3481,11.4668,12.6411,13.8708,15.1561,16.497};
tsd2={1.34903,1.77368,2.25387,2.78958,3.38082,4.02758,4.72986,5.48767,6.301,7.16986,8.09423,9.07413,10.1096,11.2005,12.347,13.549,14.8065};
tsd3={2.04238,2.57396,3.15888,3.7974,4.48976,5.23613,6.0367,6.89161,7.80099,8.76495,9.7836,10.857,11.9853,13.1685};
tsd4={4.32758,5.02986,5.78767,6.601,7.46986,8.39423,9.37413,10.4096,11.5005,12.647};